FREQUENCY AND LAYER SCALING EXPERIMENTS - SUMMARY
================================================================================

Total completed configurations: 58

FREQUENCY SUMMARY:
                 final_test_error_mean  final_test_error_std  final_test_error_min  final_test_error_max  final_test_error_max_mean  final_test_error_max_std  final_test_error_max_min  final_test_error_max_max  training_time_seconds_mean  training_time_seconds_sum  thresholds_reached_mean  num_configs
freq_multiplier                                                                                                                                                                                                                                                                                               
0.3                       2.000000e-06          0.000000e+00              0.000001          2.000000e-06               8.706000e-03              2.557000e-03                  0.006502              1.245400e-02                   57.419635                 344.517807                18.666667            6
0.6                       3.025000e-03          8.436000e-03              0.000010          2.549700e-02               1.535990e-01              2.510700e-01                  0.020890              7.869120e-01                  129.771020                1167.939183                13.888889            9
1.5                       1.187567e+00          4.247030e-01              0.627611          1.800937e+00               3.578382e+00              7.202130e-01                  2.317224              4.118220e+00                  583.225582                5249.030235                 0.000000            9
2.0                       1.608019e+00          3.445470e-01              1.004864          1.917397e+00               3.815440e+00              2.663320e-01                  3.313490              4.032587e+00                  813.470432                7321.233886                 0.000000            9
3.0                       1.793405e+00          1.347700e-01              1.583258          1.908711e+00               3.955476e+00              6.865800e-02                  3.907547              4.107630e+00                 2072.879326               18655.913937                 0.000000            9
5.0                       3.284572e+31          9.205615e+31              1.915544          2.778272e+32               3.150462e+15              7.475182e+15                  3.907001              2.237392e+16                 4527.401483               40746.613348                 0.000000            9
7.0                       1.932776e+00          2.000000e-05              1.932739          1.932794e+00               3.907688e+00              3.820000e-04                  3.906982              3.908032e+00                 8016.048063               56112.336442                 0.000000            7

RANK SUMMARY:
      final_test_error_mean  final_test_error_std  final_test_error_min  final_test_error_max  final_test_error_max_mean  final_test_error_max_std  final_test_error_max_min  final_test_error_max_max  training_time_seconds_mean  training_time_seconds_sum  thresholds_reached_mean  num_configs
rank                                                                                                                                                                                                                                                                                               
10             9.360140e+29          4.079990e+30              0.000002          1.778427e+31               3.147493e+14              1.371960e+15                  0.006593              5.980237e+15                 2510.047769               50200.955376                 3.400000           20
15             1.389136e+31          6.212406e+31              0.000002          2.778272e+32               1.118696e+15              5.002960e+15                  0.006799              2.237392e+16                 2519.385470               50387.709394                 4.200000           20
25             1.272548e+00          8.625660e-01              0.000001          1.932739e+00               2.768669e+00              1.775756e+00                  0.006502              4.114063e+00                 1611.606670               29008.920067                 4.722222           18

LAYER SUMMARY:
        final_test_error_mean  final_test_error_std  final_test_error_min  final_test_error_max  final_test_error_max_mean  final_test_error_max_std  final_test_error_max_min  final_test_error_max_max  training_time_seconds_mean  training_time_seconds_sum  thresholds_reached_mean  num_configs
layers                                                                                                                                                                                                                                                                                               
3                4.523000e-03          1.028500e-02              0.000002          2.549700e-02               2.066190e-01              3.019280e-01                  0.006502              7.869120e-01                   77.820368                 466.922205                11.166667            6
5                8.000000e-06          7.000000e-06              0.000001          1.600000e-05               2.056700e-02              1.332700e-02                  0.006593              3.811300e-02                   93.853470                 563.120822                18.833333            6
8                3.596350e-01          4.018310e-01              0.000013          8.620160e-01               1.407032e+00              1.595607e+00                  0.020890              3.703054e+00                  280.603837                1683.623020                 9.500000            6
12               1.421624e+00          3.794730e-01              1.004864          1.895689e+00               3.849101e+00              2.565360e-01                  3.391046              4.114063e+00                  594.896573                3569.379441                 0.000000            6
16               1.699993e+00          3.044550e-01              1.113278          1.917397e+00               3.852481e+00              2.690220e-01                  3.313490              4.032587e+00                 1079.613433                6477.680597                 0.000000            6
24               1.702834e+00          2.130190e-01              1.239759          1.915584e+00               3.963516e+00              7.637400e-02                  3.907001              4.118220e+00                 1610.722809               19328.673710                 0.000000           12
40               1.919012e+00          1.073600e-02              1.908707          1.932793e+00               3.907504e+00              3.340000e-04                  3.906982              3.908015e+00                 4450.516265               40054.646383                 0.000000            9
56               5.912230e+31          1.225021e+32              1.915573          2.778272e+32               5.670831e+15              9.689734e+15                  3.907114              2.237392e+16                 7061.114017               35305.570086                 0.000000            5
80               1.932776e+00                   NaN              1.932776          1.932776e+00               3.907689e+00                       NaN                  3.907689              3.907689e+00                11073.984287               22147.968574                 0.000000            2
